{
  "cells": [
    {
      "cell_type": "markdown",
      "metadata": {
        "id": "view-in-github",
        "colab_type": "text"
      },
      "source": [
        "<a href=\"https://colab.research.google.com/github/O-keita/Peer-Group-26-Formative---Principle-Component-Analysis/blob/main/Template_PCA_Formative_1%5BPeer_Pair_26%5D.ipynb\" target=\"_parent\"><img src=\"https://colab.research.google.com/assets/colab-badge.svg\" alt=\"Open In Colab\"/></a>"
      ]
    },
    {
      "cell_type": "markdown",
      "metadata": {
        "id": "l3jhFsg2Sxx2"
      },
      "source": [
        "# Formative Assignment: Advanced Linear Algebra (PCA)\n",
        "This notebook will guide you through the implementation of Principal Component Analysis (PCA). Fill in the missing code and provide the required answers in the appropriate sections. You will work with the `fuel_econ.csv` dataset.\n",
        "\n",
        "Make sure to display outputs for each code cell when submitting."
      ]
    },
    {
      "cell_type": "markdown",
      "metadata": {
        "id": "Wxvw_1puSxx3"
      },
      "source": [
        "### Step 1: Load and Standardize the Data\n",
        "Before applying PCA, we must standardize the dataset. Standardization ensures that all features have a mean of 0 and a standard deviation of 1, which is essential for PCA.\n",
        "Fill in the code to standardize the dataset."
      ]
    },
    {
      "cell_type": "markdown",
      "source": [],
      "metadata": {
        "id": "xVPBv5NVTKPR"
      }
    },
    {
      "cell_type": "code",
      "execution_count": 14,
      "metadata": {
        "id": "I3fHA2B7Sxx4",
        "outputId": "2203c96f-1937-4f3b-8fe0-d49938f3d68c",
        "colab": {
          "base_uri": "https://localhost:8080/",
          "height": 244
        }
      },
      "outputs": [
        {
          "output_type": "stream",
          "name": "stdout",
          "text": [
            "Mounted at /content/drive\n"
          ]
        },
        {
          "output_type": "execute_result",
          "data": {
            "text/plain": [
              "         id      year  cylinders     displ       pv2       pv4      city  \\\n",
              "0 -1.737140 -1.475835   0.283102  0.650536  1.467096 -1.217378 -0.859960   \n",
              "1 -1.736684 -1.475835  -0.781816 -0.727998  1.864762 -1.217378  0.006427   \n",
              "2 -1.736227 -1.475835   0.283102  0.497365  1.864762 -1.217378 -0.694416   \n",
              "3 -1.735770 -1.475835   0.283102  0.497365  1.864762 -1.217378 -0.782800   \n",
              "4 -1.735313 -1.475835  -0.781816 -0.421657 -0.627278  0.734890  0.471083   \n",
              "\n",
              "      UCity   highway  UHighway      comb       co2   feScore  ghgScore  \n",
              "0 -0.852430 -1.290630 -1.392475 -1.008323  1.022838 -0.950580 -0.945755  \n",
              "1 -0.117434  0.184947 -0.039200  0.071864 -0.298550  0.188608  0.194258  \n",
              "2 -0.753245 -0.592020 -0.851750 -0.686339  0.567934 -0.380986 -0.375749  \n",
              "3 -0.830286 -0.827384 -1.027588 -0.818651  0.752062 -0.380986 -0.375749  \n",
              "4  0.433147  0.967516  0.992531  0.648059 -0.720961  1.327796  1.334271  "
            ],
            "text/html": [
              "\n",
              "  <div id=\"df-cadd4f87-c8da-4b51-97f1-226bfc55a6aa\" class=\"colab-df-container\">\n",
              "    <div>\n",
              "<style scoped>\n",
              "    .dataframe tbody tr th:only-of-type {\n",
              "        vertical-align: middle;\n",
              "    }\n",
              "\n",
              "    .dataframe tbody tr th {\n",
              "        vertical-align: top;\n",
              "    }\n",
              "\n",
              "    .dataframe thead th {\n",
              "        text-align: right;\n",
              "    }\n",
              "</style>\n",
              "<table border=\"1\" class=\"dataframe\">\n",
              "  <thead>\n",
              "    <tr style=\"text-align: right;\">\n",
              "      <th></th>\n",
              "      <th>id</th>\n",
              "      <th>year</th>\n",
              "      <th>cylinders</th>\n",
              "      <th>displ</th>\n",
              "      <th>pv2</th>\n",
              "      <th>pv4</th>\n",
              "      <th>city</th>\n",
              "      <th>UCity</th>\n",
              "      <th>highway</th>\n",
              "      <th>UHighway</th>\n",
              "      <th>comb</th>\n",
              "      <th>co2</th>\n",
              "      <th>feScore</th>\n",
              "      <th>ghgScore</th>\n",
              "    </tr>\n",
              "  </thead>\n",
              "  <tbody>\n",
              "    <tr>\n",
              "      <th>0</th>\n",
              "      <td>-1.737140</td>\n",
              "      <td>-1.475835</td>\n",
              "      <td>0.283102</td>\n",
              "      <td>0.650536</td>\n",
              "      <td>1.467096</td>\n",
              "      <td>-1.217378</td>\n",
              "      <td>-0.859960</td>\n",
              "      <td>-0.852430</td>\n",
              "      <td>-1.290630</td>\n",
              "      <td>-1.392475</td>\n",
              "      <td>-1.008323</td>\n",
              "      <td>1.022838</td>\n",
              "      <td>-0.950580</td>\n",
              "      <td>-0.945755</td>\n",
              "    </tr>\n",
              "    <tr>\n",
              "      <th>1</th>\n",
              "      <td>-1.736684</td>\n",
              "      <td>-1.475835</td>\n",
              "      <td>-0.781816</td>\n",
              "      <td>-0.727998</td>\n",
              "      <td>1.864762</td>\n",
              "      <td>-1.217378</td>\n",
              "      <td>0.006427</td>\n",
              "      <td>-0.117434</td>\n",
              "      <td>0.184947</td>\n",
              "      <td>-0.039200</td>\n",
              "      <td>0.071864</td>\n",
              "      <td>-0.298550</td>\n",
              "      <td>0.188608</td>\n",
              "      <td>0.194258</td>\n",
              "    </tr>\n",
              "    <tr>\n",
              "      <th>2</th>\n",
              "      <td>-1.736227</td>\n",
              "      <td>-1.475835</td>\n",
              "      <td>0.283102</td>\n",
              "      <td>0.497365</td>\n",
              "      <td>1.864762</td>\n",
              "      <td>-1.217378</td>\n",
              "      <td>-0.694416</td>\n",
              "      <td>-0.753245</td>\n",
              "      <td>-0.592020</td>\n",
              "      <td>-0.851750</td>\n",
              "      <td>-0.686339</td>\n",
              "      <td>0.567934</td>\n",
              "      <td>-0.380986</td>\n",
              "      <td>-0.375749</td>\n",
              "    </tr>\n",
              "    <tr>\n",
              "      <th>3</th>\n",
              "      <td>-1.735770</td>\n",
              "      <td>-1.475835</td>\n",
              "      <td>0.283102</td>\n",
              "      <td>0.497365</td>\n",
              "      <td>1.864762</td>\n",
              "      <td>-1.217378</td>\n",
              "      <td>-0.782800</td>\n",
              "      <td>-0.830286</td>\n",
              "      <td>-0.827384</td>\n",
              "      <td>-1.027588</td>\n",
              "      <td>-0.818651</td>\n",
              "      <td>0.752062</td>\n",
              "      <td>-0.380986</td>\n",
              "      <td>-0.375749</td>\n",
              "    </tr>\n",
              "    <tr>\n",
              "      <th>4</th>\n",
              "      <td>-1.735313</td>\n",
              "      <td>-1.475835</td>\n",
              "      <td>-0.781816</td>\n",
              "      <td>-0.421657</td>\n",
              "      <td>-0.627278</td>\n",
              "      <td>0.734890</td>\n",
              "      <td>0.471083</td>\n",
              "      <td>0.433147</td>\n",
              "      <td>0.967516</td>\n",
              "      <td>0.992531</td>\n",
              "      <td>0.648059</td>\n",
              "      <td>-0.720961</td>\n",
              "      <td>1.327796</td>\n",
              "      <td>1.334271</td>\n",
              "    </tr>\n",
              "  </tbody>\n",
              "</table>\n",
              "</div>\n",
              "    <div class=\"colab-df-buttons\">\n",
              "\n",
              "  <div class=\"colab-df-container\">\n",
              "    <button class=\"colab-df-convert\" onclick=\"convertToInteractive('df-cadd4f87-c8da-4b51-97f1-226bfc55a6aa')\"\n",
              "            title=\"Convert this dataframe to an interactive table.\"\n",
              "            style=\"display:none;\">\n",
              "\n",
              "  <svg xmlns=\"http://www.w3.org/2000/svg\" height=\"24px\" viewBox=\"0 -960 960 960\">\n",
              "    <path d=\"M120-120v-720h720v720H120Zm60-500h600v-160H180v160Zm220 220h160v-160H400v160Zm0 220h160v-160H400v160ZM180-400h160v-160H180v160Zm440 0h160v-160H620v160ZM180-180h160v-160H180v160Zm440 0h160v-160H620v160Z\"/>\n",
              "  </svg>\n",
              "    </button>\n",
              "\n",
              "  <style>\n",
              "    .colab-df-container {\n",
              "      display:flex;\n",
              "      gap: 12px;\n",
              "    }\n",
              "\n",
              "    .colab-df-convert {\n",
              "      background-color: #E8F0FE;\n",
              "      border: none;\n",
              "      border-radius: 50%;\n",
              "      cursor: pointer;\n",
              "      display: none;\n",
              "      fill: #1967D2;\n",
              "      height: 32px;\n",
              "      padding: 0 0 0 0;\n",
              "      width: 32px;\n",
              "    }\n",
              "\n",
              "    .colab-df-convert:hover {\n",
              "      background-color: #E2EBFA;\n",
              "      box-shadow: 0px 1px 2px rgba(60, 64, 67, 0.3), 0px 1px 3px 1px rgba(60, 64, 67, 0.15);\n",
              "      fill: #174EA6;\n",
              "    }\n",
              "\n",
              "    .colab-df-buttons div {\n",
              "      margin-bottom: 4px;\n",
              "    }\n",
              "\n",
              "    [theme=dark] .colab-df-convert {\n",
              "      background-color: #3B4455;\n",
              "      fill: #D2E3FC;\n",
              "    }\n",
              "\n",
              "    [theme=dark] .colab-df-convert:hover {\n",
              "      background-color: #434B5C;\n",
              "      box-shadow: 0px 1px 3px 1px rgba(0, 0, 0, 0.15);\n",
              "      filter: drop-shadow(0px 1px 2px rgba(0, 0, 0, 0.3));\n",
              "      fill: #FFFFFF;\n",
              "    }\n",
              "  </style>\n",
              "\n",
              "    <script>\n",
              "      const buttonEl =\n",
              "        document.querySelector('#df-cadd4f87-c8da-4b51-97f1-226bfc55a6aa button.colab-df-convert');\n",
              "      buttonEl.style.display =\n",
              "        google.colab.kernel.accessAllowed ? 'block' : 'none';\n",
              "\n",
              "      async function convertToInteractive(key) {\n",
              "        const element = document.querySelector('#df-cadd4f87-c8da-4b51-97f1-226bfc55a6aa');\n",
              "        const dataTable =\n",
              "          await google.colab.kernel.invokeFunction('convertToInteractive',\n",
              "                                                    [key], {});\n",
              "        if (!dataTable) return;\n",
              "\n",
              "        const docLinkHtml = 'Like what you see? Visit the ' +\n",
              "          '<a target=\"_blank\" href=https://colab.research.google.com/notebooks/data_table.ipynb>data table notebook</a>'\n",
              "          + ' to learn more about interactive tables.';\n",
              "        element.innerHTML = '';\n",
              "        dataTable['output_type'] = 'display_data';\n",
              "        await google.colab.output.renderOutput(dataTable, element);\n",
              "        const docLink = document.createElement('div');\n",
              "        docLink.innerHTML = docLinkHtml;\n",
              "        element.appendChild(docLink);\n",
              "      }\n",
              "    </script>\n",
              "  </div>\n",
              "\n",
              "\n",
              "<div id=\"df-4cc1f02e-41e2-434e-8857-4b8452b55788\">\n",
              "  <button class=\"colab-df-quickchart\" onclick=\"quickchart('df-4cc1f02e-41e2-434e-8857-4b8452b55788')\"\n",
              "            title=\"Suggest charts\"\n",
              "            style=\"display:none;\">\n",
              "\n",
              "<svg xmlns=\"http://www.w3.org/2000/svg\" height=\"24px\"viewBox=\"0 0 24 24\"\n",
              "     width=\"24px\">\n",
              "    <g>\n",
              "        <path d=\"M19 3H5c-1.1 0-2 .9-2 2v14c0 1.1.9 2 2 2h14c1.1 0 2-.9 2-2V5c0-1.1-.9-2-2-2zM9 17H7v-7h2v7zm4 0h-2V7h2v10zm4 0h-2v-4h2v4z\"/>\n",
              "    </g>\n",
              "</svg>\n",
              "  </button>\n",
              "\n",
              "<style>\n",
              "  .colab-df-quickchart {\n",
              "      --bg-color: #E8F0FE;\n",
              "      --fill-color: #1967D2;\n",
              "      --hover-bg-color: #E2EBFA;\n",
              "      --hover-fill-color: #174EA6;\n",
              "      --disabled-fill-color: #AAA;\n",
              "      --disabled-bg-color: #DDD;\n",
              "  }\n",
              "\n",
              "  [theme=dark] .colab-df-quickchart {\n",
              "      --bg-color: #3B4455;\n",
              "      --fill-color: #D2E3FC;\n",
              "      --hover-bg-color: #434B5C;\n",
              "      --hover-fill-color: #FFFFFF;\n",
              "      --disabled-bg-color: #3B4455;\n",
              "      --disabled-fill-color: #666;\n",
              "  }\n",
              "\n",
              "  .colab-df-quickchart {\n",
              "    background-color: var(--bg-color);\n",
              "    border: none;\n",
              "    border-radius: 50%;\n",
              "    cursor: pointer;\n",
              "    display: none;\n",
              "    fill: var(--fill-color);\n",
              "    height: 32px;\n",
              "    padding: 0;\n",
              "    width: 32px;\n",
              "  }\n",
              "\n",
              "  .colab-df-quickchart:hover {\n",
              "    background-color: var(--hover-bg-color);\n",
              "    box-shadow: 0 1px 2px rgba(60, 64, 67, 0.3), 0 1px 3px 1px rgba(60, 64, 67, 0.15);\n",
              "    fill: var(--button-hover-fill-color);\n",
              "  }\n",
              "\n",
              "  .colab-df-quickchart-complete:disabled,\n",
              "  .colab-df-quickchart-complete:disabled:hover {\n",
              "    background-color: var(--disabled-bg-color);\n",
              "    fill: var(--disabled-fill-color);\n",
              "    box-shadow: none;\n",
              "  }\n",
              "\n",
              "  .colab-df-spinner {\n",
              "    border: 2px solid var(--fill-color);\n",
              "    border-color: transparent;\n",
              "    border-bottom-color: var(--fill-color);\n",
              "    animation:\n",
              "      spin 1s steps(1) infinite;\n",
              "  }\n",
              "\n",
              "  @keyframes spin {\n",
              "    0% {\n",
              "      border-color: transparent;\n",
              "      border-bottom-color: var(--fill-color);\n",
              "      border-left-color: var(--fill-color);\n",
              "    }\n",
              "    20% {\n",
              "      border-color: transparent;\n",
              "      border-left-color: var(--fill-color);\n",
              "      border-top-color: var(--fill-color);\n",
              "    }\n",
              "    30% {\n",
              "      border-color: transparent;\n",
              "      border-left-color: var(--fill-color);\n",
              "      border-top-color: var(--fill-color);\n",
              "      border-right-color: var(--fill-color);\n",
              "    }\n",
              "    40% {\n",
              "      border-color: transparent;\n",
              "      border-right-color: var(--fill-color);\n",
              "      border-top-color: var(--fill-color);\n",
              "    }\n",
              "    60% {\n",
              "      border-color: transparent;\n",
              "      border-right-color: var(--fill-color);\n",
              "    }\n",
              "    80% {\n",
              "      border-color: transparent;\n",
              "      border-right-color: var(--fill-color);\n",
              "      border-bottom-color: var(--fill-color);\n",
              "    }\n",
              "    90% {\n",
              "      border-color: transparent;\n",
              "      border-bottom-color: var(--fill-color);\n",
              "    }\n",
              "  }\n",
              "</style>\n",
              "\n",
              "  <script>\n",
              "    async function quickchart(key) {\n",
              "      const quickchartButtonEl =\n",
              "        document.querySelector('#' + key + ' button');\n",
              "      quickchartButtonEl.disabled = true;  // To prevent multiple clicks.\n",
              "      quickchartButtonEl.classList.add('colab-df-spinner');\n",
              "      try {\n",
              "        const charts = await google.colab.kernel.invokeFunction(\n",
              "            'suggestCharts', [key], {});\n",
              "      } catch (error) {\n",
              "        console.error('Error during call to suggestCharts:', error);\n",
              "      }\n",
              "      quickchartButtonEl.classList.remove('colab-df-spinner');\n",
              "      quickchartButtonEl.classList.add('colab-df-quickchart-complete');\n",
              "    }\n",
              "    (() => {\n",
              "      let quickchartButtonEl =\n",
              "        document.querySelector('#df-4cc1f02e-41e2-434e-8857-4b8452b55788 button');\n",
              "      quickchartButtonEl.style.display =\n",
              "        google.colab.kernel.accessAllowed ? 'block' : 'none';\n",
              "    })();\n",
              "  </script>\n",
              "</div>\n",
              "\n",
              "    </div>\n",
              "  </div>\n"
            ],
            "application/vnd.google.colaboratory.intrinsic+json": {
              "type": "dataframe",
              "summary": "{\n  \"name\": \"standardized_data[:5]  # Display the first few rows of standardized data\",\n  \"rows\": 5,\n  \"fields\": [\n    {\n      \"column\": \"id\",\n      \"properties\": {\n        \"dtype\": \"number\",\n        \"std\": 0.0007222874999270187,\n        \"min\": -1.7371404817315306,\n        \"max\": -1.7353132228313402,\n        \"num_unique_values\": 5,\n        \"samples\": [\n          -1.736683667006483,\n          -1.7353132228313402,\n          -1.7362268522814353\n        ],\n        \"semantic_type\": \"\",\n        \"description\": \"\"\n      }\n    },\n    {\n      \"column\": \"year\",\n      \"properties\": {\n        \"dtype\": \"number\",\n        \"std\": 0.0,\n        \"min\": -1.4758354769742852,\n        \"max\": -1.4758354769742852,\n        \"num_unique_values\": 1,\n        \"samples\": [\n          -1.4758354769742852\n        ],\n        \"semantic_type\": \"\",\n        \"description\": \"\"\n      }\n    },\n    {\n      \"column\": \"cylinders\",\n      \"properties\": {\n        \"dtype\": \"number\",\n        \"std\": 0.5832793230349723,\n        \"min\": -0.781815845544215,\n        \"max\": 0.2831016296311084,\n        \"num_unique_values\": 2,\n        \"samples\": [\n          -0.781815845544215\n        ],\n        \"semantic_type\": \"\",\n        \"description\": \"\"\n      }\n    },\n    {\n      \"column\": \"displ\",\n      \"properties\": {\n        \"dtype\": \"number\",\n        \"std\": 0.6278121251450749,\n        \"min\": -0.7279983314347784,\n        \"max\": 0.650535940701089,\n        \"num_unique_values\": 4,\n        \"samples\": [\n          -0.7279983314347784\n        ],\n        \"semantic_type\": \"\",\n        \"description\": \"\"\n      }\n    },\n    {\n      \"column\": \"pv2\",\n      \"properties\": {\n        \"dtype\": \"number\",\n        \"std\": 1.0837806254196136,\n        \"min\": -0.6272778360523523,\n        \"max\": 1.864762244816275,\n        \"num_unique_values\": 3,\n        \"samples\": [\n          1.4670962744648983\n        ],\n        \"semantic_type\": \"\",\n        \"description\": \"\"\n      }\n    },\n    {\n      \"column\": \"pv4\",\n      \"properties\": {\n        \"dtype\": \"number\",\n        \"std\": 0.8730807310458146,\n        \"min\": -1.217377657959785,\n        \"max\": 0.7348902065038675,\n        \"num_unique_values\": 2,\n        \"samples\": [\n          0.7348902065038675\n        ],\n        \"semantic_type\": \"\",\n        \"description\": \"\"\n      }\n    },\n    {\n      \"column\": \"city\",\n      \"properties\": {\n        \"dtype\": \"number\",\n        \"std\": 0.5841253872451574,\n        \"min\": -0.8599601154286275,\n        \"max\": 0.4710829414196465,\n        \"num_unique_values\": 5,\n        \"samples\": [\n          0.006426746186434495\n        ],\n        \"semantic_type\": \"\",\n        \"description\": \"\"\n      }\n    },\n    {\n      \"column\": \"UCity\",\n      \"properties\": {\n        \"dtype\": \"number\",\n        \"std\": 0.5669448872674652,\n        \"min\": -0.8524298628784667,\n        \"max\": 0.4331469067526361,\n        \"num_unique_values\": 5,\n        \"samples\": [\n          -0.11743407637836135\n        ],\n        \"semantic_type\": \"\",\n        \"description\": \"\"\n      }\n    },\n    {\n      \"column\": \"highway\",\n      \"properties\": {\n        \"dtype\": \"number\",\n        \"std\": 0.892449349191097,\n        \"min\": -1.2906298151085367,\n        \"max\": 0.9675158509092351,\n        \"num_unique_values\": 5,\n        \"samples\": [\n          0.18494653674425932\n        ],\n        \"semantic_type\": \"\",\n        \"description\": \"\"\n      }\n    },\n    {\n      \"column\": \"UHighway\",\n      \"properties\": {\n        \"dtype\": \"number\",\n        \"std\": 0.9528882424415701,\n        \"min\": -1.3924745891413515,\n        \"max\": 0.9925313527060878,\n        \"num_unique_values\": 5,\n        \"samples\": [\n          -0.03920038300540878\n        ],\n        \"semantic_type\": \"\",\n        \"description\": \"\"\n      }\n    },\n    {\n      \"column\": \"comb\",\n      \"properties\": {\n        \"dtype\": \"number\",\n        \"std\": 0.6963944458680547,\n        \"min\": -1.008322790998307,\n        \"max\": 0.6480588122869447,\n        \"num_unique_values\": 5,\n        \"samples\": [\n          0.071863787632699\n        ],\n        \"semantic_type\": \"\",\n        \"description\": \"\"\n      }\n    },\n    {\n      \"column\": \"co2\",\n      \"properties\": {\n        \"dtype\": \"number\",\n        \"std\": 0.7404431831012027,\n        \"min\": -0.7209609813762448,\n        \"max\": 1.022838289181318,\n        \"num_unique_values\": 5,\n        \"samples\": [\n          -0.2985499779492576\n        ],\n        \"semantic_type\": \"\",\n        \"description\": \"\"\n      }\n    },\n    {\n      \"column\": \"feScore\",\n      \"properties\": {\n        \"dtype\": \"number\",\n        \"std\": 0.8638318624174124,\n        \"min\": -0.9505795254756703,\n        \"max\": 1.3277959240249606,\n        \"num_unique_values\": 4,\n        \"samples\": [\n          0.18860819927464514\n        ],\n        \"semantic_type\": \"\",\n        \"description\": \"\"\n      }\n    },\n    {\n      \"column\": \"ghgScore\",\n      \"properties\": {\n        \"dtype\": \"number\",\n        \"std\": 0.864457872369195,\n        \"min\": -0.945755483181217,\n        \"max\": 1.3342710812728416,\n        \"num_unique_values\": 4,\n        \"samples\": [\n          0.19425779904581225\n        ],\n        \"semantic_type\": \"\",\n        \"description\": \"\"\n      }\n    }\n  ]\n}"
            }
          },
          "metadata": {},
          "execution_count": 14
        }
      ],
      "source": [
        "# Step 1: Load and Standardize the data (use of numpy only allowed)\n",
        "\n",
        "import pandas as pd\n",
        "import numpy as np\n",
        "from google.colab import drive\n",
        "import matplotlib.pyplot as plt\n",
        "\n",
        "\n",
        "\n",
        "drive.mount('/content/drive', force_remount=True)\n",
        "path = \"/content/drive/My Drive/fuel_econ.csv\"\n",
        "data = pd.read_csv(path)\n",
        "\n",
        "numeric_cols = data.select_dtypes(include=np.number)\n",
        "mean = np.mean(numeric_cols, axis=0)\n",
        "std = np.std(numeric_cols, axis=0)\n",
        "\n",
        "\n",
        "standardized_data = (numeric_cols - mean) / std  # Do not use sklearn (Data - Data Mean)/ Data's Standard Deviation\n",
        "standardized_data[:5]  # Display the first few rows of standardized data\n"
      ]
    },
    {
      "cell_type": "markdown",
      "metadata": {
        "id": "hEt6NfvFSxx4"
      },
      "source": [
        "### Step 3: Calculate the Covariance Matrix\n",
        "The covariance matrix helps us understand how the features are related to each other. It is a key component in PCA."
      ]
    },
    {
      "cell_type": "code",
      "execution_count": 6,
      "metadata": {
        "id": "0fQuTUQxSxx4",
        "colab": {
          "base_uri": "https://localhost:8080/"
        },
        "outputId": "747159fd-d960-420f-cf58-1428db8b734b"
      },
      "outputs": [
        {
          "output_type": "execute_result",
          "data": {
            "text/plain": [
              "array([[ 1.00025458,  0.98591866, -0.06011148, -0.07468488, -0.00657025,\n",
              "        -0.02195656,  0.09182316,  0.09124849,  0.0906161 ,  0.09538375,\n",
              "         0.09382686, -0.09974229, -0.1279056 , -0.12235207],\n",
              "       [ 0.98591866,  1.00025458, -0.05532701, -0.07044161,  0.00623397,\n",
              "        -0.03365174,  0.06806739,  0.06675938,  0.07330836,  0.07766039,\n",
              "         0.07201181, -0.0811853 , -0.1498676 , -0.14517775],\n",
              "       [-0.06011148, -0.05532701,  1.00025458,  0.93411019,  0.24763384,\n",
              "        -0.00426546, -0.69327904, -0.66619842, -0.76646982, -0.77169964,\n",
              "        -0.73821112,  0.84848979, -0.78405759, -0.78201448],\n",
              "       [-0.07468488, -0.07044161,  0.93411019,  1.00025458,  0.2594021 ,\n",
              "         0.02207729, -0.71366074, -0.6863403 , -0.78418374, -0.78865771,\n",
              "        -0.75859024,  0.85559254, -0.7936343 , -0.79141752],\n",
              "       [-0.00657025,  0.00623397,  0.24763384,  0.2594021 ,  1.00025458,\n",
              "        -0.66581137, -0.27817962, -0.27261515, -0.29688365, -0.29858023,\n",
              "        -0.29095711,  0.28727323, -0.2961638 , -0.29323103],\n",
              "       [-0.02195656, -0.03365174, -0.00426546,  0.02207729, -0.66581137,\n",
              "         1.00025458,  0.03519659,  0.03787859,  0.07497068,  0.07746161,\n",
              "         0.04734493, -0.05016567,  0.06489226,  0.06527952],\n",
              "       [ 0.09182316,  0.06806739, -0.69327904, -0.71366074, -0.27817962,\n",
              "         0.03519659,  1.00025458,  0.99663082,  0.9156677 ,  0.90989004,\n",
              "         0.98980432, -0.90453509,  0.9059112 ,  0.89902154],\n",
              "       [ 0.09124849,  0.06675938, -0.66619842, -0.6863403 , -0.27261515,\n",
              "         0.03787859,  0.99663082,  1.00025458,  0.89978578,  0.89804238,\n",
              "         0.98135571, -0.8860481 ,  0.89152389,  0.88468357],\n",
              "       [ 0.0906161 ,  0.07330836, -0.76646982, -0.78418374, -0.29688365,\n",
              "         0.07497068,  0.9156677 ,  0.89978578,  1.00025458,  0.99244327,\n",
              "         0.9630022 , -0.91668944,  0.91434884,  0.89781322],\n",
              "       [ 0.09538375,  0.07766039, -0.77169964, -0.78865771, -0.29858023,\n",
              "         0.07746161,  0.90989004,  0.89804238,  0.99244327,  1.00025458,\n",
              "         0.95682339, -0.91234956,  0.91158665,  0.89454192],\n",
              "       [ 0.09382686,  0.07201181, -0.73821112, -0.75859024, -0.29095711,\n",
              "         0.04734493,  0.98980432,  0.98135571,  0.9630022 ,  0.95682339,\n",
              "         1.00025458, -0.92963549,  0.92909879,  0.91904062],\n",
              "       [-0.09974229, -0.0811853 ,  0.84848979,  0.85559254,  0.28727323,\n",
              "        -0.05016567, -0.90453509, -0.8860481 , -0.91668944, -0.91234956,\n",
              "        -0.92963549,  1.00025458, -0.94086368, -0.94480617],\n",
              "       [-0.1279056 , -0.1498676 , -0.78405759, -0.7936343 , -0.2961638 ,\n",
              "         0.06489226,  0.9059112 ,  0.89152389,  0.91434884,  0.91158665,\n",
              "         0.92909879, -0.94086368,  1.00025458,  0.99448412],\n",
              "       [-0.12235207, -0.14517775, -0.78201448, -0.79141752, -0.29323103,\n",
              "         0.06527952,  0.89902154,  0.88468357,  0.89781322,  0.89454192,\n",
              "         0.91904062, -0.94480617,  0.99448412,  1.00025458]])"
            ]
          },
          "metadata": {},
          "execution_count": 6
        }
      ],
      "source": [
        "# Step 3: Calculate the Covariance Matrix\n",
        "cov_matrix = np.cov(standardized_data, rowvar=False)  # Calculate covariance matrix\n",
        "cov_matrix"
      ]
    },
    {
      "cell_type": "markdown",
      "metadata": {
        "id": "FVnsRKG-Sxx4"
      },
      "source": [
        "### Step 4: Perform Eigendecomposition\n",
        "Eigendecomposition of the covariance matrix will give us the eigenvalues and eigenvectors, which are essential for PCA.\n",
        "Fill in the code to compute the eigenvalues and eigenvectors of the covariance matrix."
      ]
    },
    {
      "cell_type": "code",
      "execution_count": 8,
      "metadata": {
        "id": "DkrWfBVuSxx4",
        "colab": {
          "base_uri": "https://localhost:8080/"
        },
        "outputId": "ad08f890-8411-42ef-bb8d-c62c2122251f"
      },
      "outputs": [
        {
          "output_type": "execute_result",
          "data": {
            "text/plain": [
              "(array([8.95720924e+00, 2.06777956e+00, 1.59364217e+00, 6.70587666e-01,\n",
              "        3.01684118e-01, 1.61017548e-01, 1.25550471e-01, 6.40205207e-02,\n",
              "        3.23528963e-02, 1.36962433e-02, 9.24627112e-03, 4.24637785e-03,\n",
              "        2.14358185e-03, 3.87485886e-04]),\n",
              " array([[ 1.89952516e-02, -6.87675276e-01,  7.65365183e-02,\n",
              "          1.83729680e-02, -1.42115022e-02,  7.02789695e-02,\n",
              "          1.14861126e-01,  4.01097554e-03, -1.15143583e-01,\n",
              "         -6.95538857e-01, -6.83326435e-02,  2.10633586e-02,\n",
              "         -7.10578367e-03,  6.07618642e-04],\n",
              "        [ 1.24694065e-02, -6.89503292e-01,  6.88439505e-02,\n",
              "         -9.43831862e-03, -1.35600088e-02,  3.37955333e-02,\n",
              "          8.53170135e-02, -7.51768613e-03, -5.48830131e-02,\n",
              "          7.10425085e-01,  5.58369479e-02, -9.48384475e-03,\n",
              "         -3.26885432e-04, -3.98397374e-03],\n",
              "        [-2.81632694e-01,  1.98550575e-02,  5.61398643e-02,\n",
              "          6.00933196e-01,  9.71151716e-02, -7.09369930e-02,\n",
              "          2.53817629e-01, -6.79764243e-01,  1.19688616e-01,\n",
              "          2.20121563e-03,  1.99493288e-02,  1.60174402e-02,\n",
              "          8.04028190e-03, -8.90395340e-04],\n",
              "        [-2.86142593e-01,  3.10582044e-02,  6.39803619e-02,\n",
              "          5.69008152e-01, -1.12579685e-02,  5.20085469e-04,\n",
              "          2.41804525e-01,  7.26076226e-01,  5.26897639e-02,\n",
              "          1.88707728e-02,  2.64926668e-03,  2.74345123e-03,\n",
              "          1.81240405e-02,  5.96415755e-03],\n",
              "        [-1.13744496e-01, -6.35462585e-02, -6.68453743e-01,\n",
              "          1.11921299e-01, -7.14324777e-01,  5.74549175e-02,\n",
              "         -8.32812952e-02, -5.31588314e-02, -1.69233476e-02,\n",
              "         -1.20771098e-03, -5.08741222e-03,  2.49515657e-03,\n",
              "          4.77699628e-03,  1.38002408e-03],\n",
              "        [ 2.70758334e-02,  8.29599394e-02,  7.27541248e-01,\n",
              "          4.21668361e-02, -6.60327363e-01,  8.80109065e-02,\n",
              "         -1.15893864e-01, -6.09407894e-02, -1.50666539e-02,\n",
              "          6.07275003e-03, -7.58040546e-03,  3.43747016e-03,\n",
              "          5.48765707e-03,  1.91014202e-03],\n",
              "        [ 3.18051748e-01, -2.85135436e-02, -3.09457159e-02,\n",
              "          3.07741602e-01,  9.17288395e-02,  2.33582113e-01,\n",
              "         -3.48523745e-01, -1.55857376e-03,  4.42386886e-03,\n",
              "          1.69645875e-02, -1.66951941e-01,  2.83920592e-02,\n",
              "          4.69767835e-01, -6.06838753e-01],\n",
              "        [ 3.13255816e-01, -2.82923311e-02, -2.88424193e-02,\n",
              "          3.50190560e-01,  9.64490942e-02,  2.61685754e-01,\n",
              "         -4.01063566e-01,  5.82474590e-03, -5.01782609e-02,\n",
              "         -1.87450161e-02,  3.40247326e-01, -3.70704540e-02,\n",
              "         -6.39659984e-01,  9.87960517e-02],\n",
              "        [ 3.22311434e-01, -2.87446531e-02, -7.41844009e-03,\n",
              "          1.06756217e-01, -8.36095900e-02, -5.79051855e-01,\n",
              "          6.98415760e-02,  2.77125052e-02,  9.29454003e-02,\n",
              "          3.47168354e-02, -5.54437663e-01, -8.10568303e-02,\n",
              "         -4.06961918e-01, -2.15560379e-01],\n",
              "        [ 3.21798899e-01, -3.18825751e-02, -5.04723357e-03,\n",
              "          9.25701948e-02, -8.81244175e-02, -5.98740052e-01,\n",
              "          5.43149286e-02,  3.27585244e-02, -3.73565517e-02,\n",
              "         -6.93222596e-02,  6.60371426e-01, -1.66112419e-02,\n",
              "          2.69949131e-01, -3.33988596e-02],\n",
              "        [ 3.26431467e-01, -2.95439904e-02, -2.46646202e-02,\n",
              "          2.32059576e-01,  3.57371029e-02, -3.52013759e-02,\n",
              "         -1.98176493e-01,  3.36046564e-04,  2.43702958e-02,\n",
              "          2.76273040e-02, -3.06928130e-01, -1.61455289e-03,\n",
              "          3.55719959e-01,  7.57771730e-01],\n",
              "        [-3.24688616e-01,  3.09636927e-02,  2.93518765e-02,\n",
              "          8.18837257e-02,  7.40173982e-02, -2.55009838e-01,\n",
              "         -3.27527105e-01, -2.56968080e-02, -8.31166274e-01,\n",
              "          2.88398819e-02, -9.59897926e-02, -8.09763007e-02,\n",
              "          1.25678109e-02, -3.29955487e-03],\n",
              "        [ 3.21900973e-01,  1.31945566e-01, -3.65682913e-02,\n",
              "          4.07422491e-02, -4.52335010e-02,  1.50377117e-01,\n",
              "          4.11647519e-01, -1.91175338e-02, -3.95194409e-01,\n",
              "          5.05543624e-02, -3.41858876e-02,  7.19798863e-01,\n",
              "         -5.88483770e-02, -4.22856834e-03],\n",
              "        [ 3.19831952e-01,  1.29271611e-01, -3.65195901e-02,\n",
              "          2.92741212e-02, -4.98906660e-02,  2.68563294e-01,\n",
              "          4.79705745e-01, -3.49036362e-02, -3.25473709e-01,\n",
              "          1.79402067e-02, -2.05372106e-03, -6.82266534e-01,\n",
              "          3.17540349e-02, -9.96924525e-03]]))"
            ]
          },
          "metadata": {},
          "execution_count": 8
        }
      ],
      "source": [
        "# Step 4: Perform Eigendecomposition\n",
        "eigenvalues, eigenvectors = np.linalg.eig(cov_matrix)  # Perform eigendecomposition\n",
        "eigenvalues, eigenvectors"
      ]
    },
    {
      "cell_type": "markdown",
      "metadata": {
        "id": "ZygKQVqmSxx5"
      },
      "source": [
        "### Step 5: Sort Principal Components\n",
        "Sort the eigenvectors based on their corresponding eigenvalues in descending order. The higher the eigenvalue, the more important the eigenvector.\n",
        "Complete the code to sort the eigenvectors and print the sorted components."
      ]
    },
    {
      "cell_type": "code",
      "execution_count": 11,
      "metadata": {
        "id": "r_1unB52Sxx5",
        "colab": {
          "base_uri": "https://localhost:8080/"
        },
        "outputId": "6dce95a1-b9cc-4135-bad7-ee260e6ff060"
      },
      "outputs": [
        {
          "output_type": "execute_result",
          "data": {
            "text/plain": [
              "array([[ 1.89952516e-02, -6.87675276e-01,  7.65365183e-02,\n",
              "         1.83729680e-02, -1.42115022e-02,  7.02789695e-02,\n",
              "         1.14861126e-01,  4.01097554e-03, -1.15143583e-01,\n",
              "        -6.95538857e-01, -6.83326435e-02,  2.10633586e-02,\n",
              "        -7.10578367e-03,  6.07618642e-04],\n",
              "       [ 1.24694065e-02, -6.89503292e-01,  6.88439505e-02,\n",
              "        -9.43831862e-03, -1.35600088e-02,  3.37955333e-02,\n",
              "         8.53170135e-02, -7.51768613e-03, -5.48830131e-02,\n",
              "         7.10425085e-01,  5.58369479e-02, -9.48384475e-03,\n",
              "        -3.26885432e-04, -3.98397374e-03],\n",
              "       [-2.81632694e-01,  1.98550575e-02,  5.61398643e-02,\n",
              "         6.00933196e-01,  9.71151716e-02, -7.09369930e-02,\n",
              "         2.53817629e-01, -6.79764243e-01,  1.19688616e-01,\n",
              "         2.20121563e-03,  1.99493288e-02,  1.60174402e-02,\n",
              "         8.04028190e-03, -8.90395340e-04],\n",
              "       [-2.86142593e-01,  3.10582044e-02,  6.39803619e-02,\n",
              "         5.69008152e-01, -1.12579685e-02,  5.20085469e-04,\n",
              "         2.41804525e-01,  7.26076226e-01,  5.26897639e-02,\n",
              "         1.88707728e-02,  2.64926668e-03,  2.74345123e-03,\n",
              "         1.81240405e-02,  5.96415755e-03],\n",
              "       [-1.13744496e-01, -6.35462585e-02, -6.68453743e-01,\n",
              "         1.11921299e-01, -7.14324777e-01,  5.74549175e-02,\n",
              "        -8.32812952e-02, -5.31588314e-02, -1.69233476e-02,\n",
              "        -1.20771098e-03, -5.08741222e-03,  2.49515657e-03,\n",
              "         4.77699628e-03,  1.38002408e-03],\n",
              "       [ 2.70758334e-02,  8.29599394e-02,  7.27541248e-01,\n",
              "         4.21668361e-02, -6.60327363e-01,  8.80109065e-02,\n",
              "        -1.15893864e-01, -6.09407894e-02, -1.50666539e-02,\n",
              "         6.07275003e-03, -7.58040546e-03,  3.43747016e-03,\n",
              "         5.48765707e-03,  1.91014202e-03],\n",
